Задание: Расчёт значения ряда в точке. ui(x) = (-1)^i*2^(2i)*(i!)^2*x^(2i+1)/(2i+1)!
Автор: Николаев Всеволод Юрьевич    Группа: 2302       Версия: 1
Дата начала: 12.10.2022             Дата окончания:
eps = 0.00000000000000100000
x = 0.99899999999999999911
===========================================================
|  i  |            u            |            s            |
===========================================================
|   1 | +0.99899999999999999911 | +0.99899999999999999911 |
|   2 | -0.66466866599999996357 | +0.33433133400000003554 |
|   3 | +0.53067199466933279162 | +0.86500332866933282716 |
|   4 | -0.45395244115884758607 | +0.41105088751048524109 |
|   5 | +0.40270665798130761415 | +0.81375754549179291075 |
|   6 | -0.36536513397454817298 | +0.44839241151724473777 |
|   7 | +0.33658594068159980450 | +0.78497835219884448676 |
|   8 | -0.31351889836043211890 | +0.47145945383841236787 |
|   9 | +0.29448675207775026896 | +0.76594620591616258132 |
|  10 | -0.27842975342559173058 | +0.48751645249057085074 |
|  11 | +0.26464111652237520822 | +0.75215756901294605896 |
|  12 | -0.25262896419434061057 | +0.49952860481860544839 |
|  13 | +0.24203900053911950319 | +0.74156760535772492382 |
|  14 | -0.23260867700011433890 | +0.50895892835761058492 |
|  15 | +0.22413873734945349847 | +0.73309766570706402788 |
|  16 | -0.21647485549692768725 | +0.51662281021013634064 |
|  17 | +0.20949539128318964143 | +0.72611820149332595431 |
|  18 | -0.20310299256755698361 | +0.52301520892576891519 |
|  19 | +0.19721869266688971112 | +0.72023390159265865407 |
|  20 | -0.19177767166690889988 | +0.52845622992574980969 |
|  21 | +0.18672615424511876392 | +0.71518238417086854586 |
|  22 | -0.18201910055434597502 | +0.53316328361652254308 |
|  23 | +0.17761846116406365681 | +0.71078174478058619989 |
|  24 | -0.17349184011849036469 | +0.53728990466209580745 |
|  25 | +0.16961145789070383727 | +0.70690136255279967248 |
|  26 | -0.16595333782978463621 | +0.54094802472301506402 |
|  27 | +0.16249666131298245997 | +0.70344468603599752399 |
|  28 | -0.15922325175089022120 | +0.54422143428510727503 |
|  29 | +0.15611715807641843301 | +0.70033859236152573580 |
|  30 | -0.15316431581170464327 | +0.54717427654982109253 |
|  31 | +0.15035226919121019717 | +0.69752654574103134522 |
|  32 | -0.14766994175104783404 | +0.54985660398998348342 |
|  33 | +0.14510744569844921670 | +0.69496404968843272787 |
|  34 | -0.14265592254263984029 | +0.55230812714579291534 |
|  35 | +0.14030740910197744831 | +0.69261553624777039140 |
|  36 | -0.13805472424482792548 | +0.55456081200294249367 |
|  37 | +0.13589137267502054973 | +0.69045218467796298789 |
|  38 | -0.13381146281009595467 | +0.55664072186786706098 |
|  39 | +0.13180963637521211917 | +0.68845035824307920791 |
|  40 | -0.12988100778662847734 | +0.55856935045645073057 |
|  41 | +0.12802111175512395636 | +0.68659046221157471468 |
|  42 | -0.12622585782317455316 | +0.56036460438840018927 |
|  43 | +0.12449149077652267581 | +0.68485609516492285120 |
|  44 | -0.12281455605328270297 | +0.56204153911164012047 |
|  45 | +0.12119186942139813234 | +0.68323340853303826670 |
|  46 | -0.11962049031536516053 | +0.56361291821767312005 |
|  47 | +0.11809769832129760059 | +0.68171061653897069288 |
|  48 | -0.11662097238001277455 | +0.56508964415895790445 |
|  49 | +0.11518797234430529219 | +0.68027761650326323828 |
|  50 | -0.11379652258165377787 | +0.56648109392160950204 |
|  51 | +0.11244459735941886303 | +0.67892569128102842058 |
|  52 | -0.11113030778784789565 | +0.56779538349318048329 |
|  53 | +0.10985189012826970800 | +0.67764727362145016354 |
|  54 | -0.10860769530083877465 | +0.56903957832061136113 |
|  55 | +0.10739617944896054369 | +0.67643575776957187706 |
|  56 | -0.10621589543681647649 | +0.57021986233275545608 |
|  57 | +0.10506548517279545862 | +0.67528534750555091470 |
|  58 | -0.10394367266560516905 | +0.57134167483994580117 |
|  59 | +0.10284925773177615305 | +0.67419093257172191258 |
|  60 | -0.10178111028350671219 | +0.57240982228821524203 |
|  61 | +0.10073816513459502020 | +0.67314798742281023447 |
|  62 | -0.09971941726978779397 | +0.57342857015302239887 |
|  63 | +0.09872391752942816234 | +0.67215248768245050570 |
|  64 | -0.09775076866696173761 | +0.57440171901548875422 |
|  65 | +0.09679912174178875728 | +0.67120084075727748374 |
|  66 | -0.09586817281424045434 | +0.57533266794303705716 |
|  67 | +0.09495715991319994553 | +0.67028982785623703045 |
|  68 | -0.09406536025015914404 | +0.57622446760607792804 |
|  69 | +0.09319208765636929903 | +0.66941655526244725483 |
|  70 | -0.09233669022225829415 | +0.57707986504018893292 |
|  71 | +0.09149854812050044195 | +0.66857841316068933324 |
|  72 | -0.09067707159607463208 | +0.57790134156461470116 |
|  73 | +0.08987169910836818876 | +0.66777304067298293155 |
|  74 | -0.08908189561190599237 | +0.57869114506107699469 |
|  75 | +0.08830715096363432604 | +0.66699829602471127910 |
|  76 | -0.08754697844588545108 | +0.57945131757882584189 |
|  77 | +0.08680091339521414651 | +0.66625223097403996064 |
|  78 | -0.08606851192824463426 | +0.58018371904579535414 |
|  79 | +0.08534934975651217726 | +0.66553306880230755915 |
|  80 | -0.08464302108303853323 | +0.58089004771926899817 |
|  81 | +0.08394913757405569887 | +0.66483918529332464153 |
|  82 | -0.08326732739989764487 | +0.58157185789342702442 |
|  83 | +0.08259723433962268269 | +0.66416909223304965160 |
|  84 | -0.08193851694441624256 | +0.58223057528863342291 |
|  85 | +0.08129084775526304596 | +0.66352142304389649663 |
|  86 | -0.08065391257077220155 | +0.58286751047312423957 |
|  87 | +0.08002740976139557927 | +0.66289492023451979108 |
|  88 | -0.07941104962660093525 | +0.58348387060791884196 |
|  89 | +0.07880455379185274944 | +0.66228842439977153589 |
|  90 | -0.07820765464251656918 | +0.58408076975725498059 |
|  91 | +0.07762009479204151630 | +0.66170086454929655240 |
|  92 | -0.07704162658199183167 | +0.58465923796730467910 |
|  93 | +0.07647201161169521477 | +0.66113124957899993550 |
|  94 | -0.07591102029545411523 | +0.58522022928354577864 |
|  95 | +0.07535843144542908600 | +0.66057866072897486465 |
|  96 | -0.07481403187845150904 | +0.58576462885052338336 |
|  97 | +0.07427761604515795146 | +0.66004224489568130707 |
|  98 | -0.07374898567996222842 | +0.58629325921571906477 |
|  99 | +0.07322794947049363068 | +0.65952120868621266769 |
| 100 | -0.07271432274523326189 | +0.58680688594097940580 |
| 101 | +0.07220792717817467454 | +0.65901481311915410810 |
| 102 | -0.07170859050942163249 | +0.58730622260973253113 |
| 103 | +0.07121614628071527842 | +0.65852236889044779566 |
| 104 | -0.07073043358495569033 | +0.58779193530549211921 |
| 105 | +0.07025129682884989624 | +0.65804323213434201545 |
| 106 | -0.06977858550788006153 | +0.58826464662646194004 |
| 107 | +0.06931215399284205991 | +0.65757680061930401383 |
| 108 | -0.06885186132725683306 | +0.58872493929204716689 |
| 109 | +0.06839757103500529456 | +0.65712251032705248921 |
| 110 | -0.06794915093758163716 | +0.58917335938947079654 |
| 111 | +0.06750647298040104993 | +0.65667983236987181872 |
| 112 | -0.06706941306763559985 | +0.58961041930223623275 |
| 113 | +0.06663785090508711484 | +0.65624827020732334759 |
| 114 | -0.06621166985063829669 | +0.59003660035668503703 |
| 115 | +0.06579075677185312887 | +0.65582735712853812426 |
| 116 | -0.06537500191032565022 | +0.59045235521821248792 |
| 117 | +0.06496429875240174179 | +0.65541665397061421583 |
| 118 | -0.06455854390592252745 | +0.59085811006469168838 |
| 119 | +0.06415763698266026271 | +0.65501574704735199273 |
| 120 | -0.06376148048613806962 | +0.59125426656121393698 |
| 121 | +0.06336997970454401330 | +0.65462424626575799191 |
| 122 | -0.06298304260846807057 | +0.59164120365728989359 |
| 123 | +0.06260057975320683366 | +0.65424178341049676888 |
| 124 | -0.06222250418539645306 | +0.59201927922510033664 |
| 125 | +0.06184873135374861081 | +0.65386801057884891275 |
| 126 | -0.06147917902367774912 | +0.59238883155517119139 |
| 127 | +0.06111376719562044285 | +0.65350259875079164118 |
| 128 | -0.06075241802685915626 | +0.59275018072393248492 |
| 129 | +0.06039505575667396264 | +0.65314523648060640593 |
| 130 | -0.06004160663465569342 | +0.59310362984595066393 |
| 131 | +0.05969199885202369077 | +0.65279562869797436164 |
| 132 | -0.05934616247580017795 | +0.59344946622217420451 |
| 133 | +0.05900402938570157435 | +0.65245349560787579968 |
| 134 | -0.05866553321361514528 | +0.59378796239426068215 |
| 135 | +0.05833060928553629454 | +0.65211857167979703220 |
| 136 | -0.05799919456584913535 | +0.59411937711394791073 |
| 137 | +0.05767122760383906754 | +0.65179060471778693664 |
| 138 | -0.05734664848233223672 | +0.59444395623545465135 |
| 139 | +0.05702539876836257293 | +0.65146935500381719653 |
| 140 | -0.05670742146577219950 | +0.59476193353804496233 |
| 141 | +0.05639266096965621367 | +0.65115459450770118988 |
| 142 | -0.05608106302256735121 | +0.59507353148513386643 |
| 143 | +0.05577257467240072375 | +0.65084610615753457630 |
| 144 | -0.05546714423188275900 | +0.59537896192565176179 |
| 145 | +0.05516472123959241525 | +0.65054368316524413540 |
| 146 | -0.05486525642244673151 | +0.59567842674279736226 |
| 147 | +0.05456870165958570273 | +0.65024712840238307887 |
| 148 | -0.05427500994759542480 | +0.59597211845478770265 |
| 149 | +0.05398413536701082704 | +0.64995625382179855745 |
| 150 | -0.05369603305004289756 | +0.59626022077175566682 |
| 151 | +0.05341065914947760312 | +0.64967087992123329077 |
| 152 | -0.05312797080869641891 | +0.59654290911253682328 |
| 153 | +0.05284792613277099205 | +0.64939083524530782920 |
| 154 | -0.05257048416058653084 | +0.59682035108472131224 |
| 155 | +0.05229560483795098191 | +0.64911595592267223864 |
| 156 | -0.05202324899164879196 | +0.59709270693102345362 |
| 157 | +0.05175337830440037562 | +0.64884608523542386394 |
| 158 | -0.05148595529068997895 | +0.59736012994473386417 |
| 159 | +0.05122094327342645997 | +0.64858107321816027557 |
| 160 | -0.05095830636140337433 | +0.59762276685675685961 |
| 161 | +0.05069800942752591272 | +0.64832077628428275151 |
| 162 | -0.05044001808777416607 | +0.59788075819650854381 |
| 163 | +0.05018429868087327661 | +0.64806505687738180654 |
| 164 | -0.04993081824864259444 | +0.59813423862873915660 |
| 165 | +0.04967954451699710394 | +0.64781378314573623278 |
| 166 | -0.04943044587757557812 | +0.59838333726816061997 |
| 167 | +0.04918349136997121618 | +0.64756682863813186390 |
| 168 | -0.04893865066454138046 | +0.59862817797359046956 |
| 169 | +0.04869589404577435304 | +0.64732407201936481567 |
| 170 | -0.04845519239619167084 | +0.59886887962317314482 |
| 171 | +0.04821651718076590265 | +0.64708539680393906135 |
| 172 | -0.04797984043183432107 | +0.59910555637210471946 |
| 173 | +0.04774513473448989409 | +0.64685069110659465519 |
| 174 | -0.04751237321243186040 | +0.59933831789416280866 |
| 175 | +0.04728152951425877715 | +0.64661984740842159969 |
| 176 | -0.04705257780018781699 | +0.59956726960823381045 |
| 177 | +0.04682549272918460487 | +0.64639276233741838062 |
| 178 | -0.04660024944648877288 | +0.59979251289092960775 |
| 179 | +0.04637682357152075191 | +0.64616933646245033884 |
| 180 | -0.04615519118615615812 | +0.60001414527629415296 |
| 181 | +0.04593532882335461115 | +0.64594947409964875717 |
| 182 | -0.04571721345613028592 | +0.60023226064351842268 |
| 183 | +0.04550082248685221459 | +0.64573308313037058870 |
| 184 | -0.04528613373686257715 | +0.60044694939350806706 |
| 185 | +0.04507312543640192709 | +0.64552007482991002885 |
| 186 | -0.04486177621483069394 | +0.60065829861507935572 |
| 187 | +0.04465206509113656130 | +0.64531036370621586151 |
| 188 | -0.04444397146471799898 | +0.60086639224149784866 |
| 189 | +0.04423747510643440128 | +0.64510386734793223606 |
| 190 | -0.04403255614991379713 | +0.60107131119801848751 |
| 191 | +0.04382919508310930551 | +0.64490050628112782771 |
| 192 | -0.04362737274009603761 | +0.60127313354103173459 |
| 193 | +0.04342707029310030609 | +0.64470020383413206844 |
| 194 | -0.04322826924475343252 | +0.60147193458937864285 |
| 195 | +0.04303095142056265199 | +0.64450288600994132260 |
| 196 | -0.04283509896159194003 | +0.60166778704834933400 |
| 197 | +0.04264069431734591326 | +0.64430848136569529583 |
| 198 | -0.04244772023885007989 | +0.60186076112684516737 |
| 199 | +0.04225615977192110490 | +0.64411692089876626532 |
| 200 | -0.04206599625062090037 | +0.60205092464814535802 |
| 201 | +0.04187721329088868460 | +0.64392813793903402875 |
| 202 | -0.04168979478434521602 | +0.60223834315468882661 |
| 203 | +0.04150372489226372696 | +0.64374206804695255357 |
| 204 | -0.04131898803970236039 | +0.60242308000725020012 |
| 205 | +0.04113556890979287728 | +0.64355864891704306352 |
| 206 | -0.04095345243818078462 | +0.60260519647886223726 |
| 207 | +0.04077262380761217248 | +0.64337782028647438892 |
| 208 | -0.04059306844266263176 | +0.60278475184381175023 |
| 209 | +0.04041477200460391606 | +0.64319952384841561077 |
| 210 | -0.04023772038640402449 | +0.60296180346201155853 |
| 211 | +0.04006189970785670185 | +0.64302370316986823262 |
| 212 | -0.03988729631083634541 | +0.60313640685903191496 |
| 213 | +0.03971389675467448810 | +0.64285030361370643082 |
| 214 | -0.03954168781165425667 | +0.60330861580205219497 |
| 215 | +0.03937065646261918295 | +0.64267927226467136403 |
| 216 | -0.03920078989269298875 | +0.60347848237197831978 |
| 217 | +0.03903207548710697222 | +0.64251055785908528506 |
| 218 | -0.03886450082713190091 | +0.60364605703195339803 |
| 219 | +0.03869805368611124036 | +0.64234411071806463145 |
| 220 | -0.03853272202559272080 | +0.60381138869247186207 |
| 221 | +0.03836849399155548707 | +0.64217988268402736995 |
| 222 | -0.03820535791072987575 | +0.60397452477329749421 |
| 223 | +0.03804330228700730787 | +0.64201782706030474657 |
| 224 | -0.03788231579793751441 | +0.60413551126236719746 |
| 225 | +0.03772238729131075635 | +0.64185789855367791912 |
| 226 | -0.03756350578182249267 | +0.60429439277185537094 |
| 227 | +0.03740566044781813010 | +0.64170005321967349410 |
| 228 | -0.03724884062811573138 | +0.60445121259155776272 |
| 229 | +0.03709303581890428803 | +0.64154424841046209238 |
| 230 | -0.03693823567071558706 | +0.60460601273974645675 |
| 231 | +0.03678442998546750664 | +0.64139044272521394952 |
| 232 | -0.03663160871357682563 | +0.60475883401163710307 |
| 233 | +0.03647976195113955544 | +0.64123859596277665851 |
| 234 | -0.03632887993717696246 | +0.60490971602559973075 |
| 235 | +0.03617895305094548375 | +0.64108866907654515899 |
| 236 | -0.03602997180930875287 | +0.60505869726723637836 |
| 237 | +0.03588192686417005645 | +0.64094062413140640011 |
| 238 | -0.03573480899996359789 | +0.60520581513144278141 |
| 239 | +0.03558860913120291680 | +0.64079442426264565658 |
| 240 | -0.03544331830008502771 | +0.60535110596256058724 |
| 241 | +0.03529892767414868210 | +0.64065003363670924852 |
| 242 | -0.03515542854398535227 | +0.60549460509272390318 |
| 243 | +0.03501281232100154212 | +0.64050741741372541060 |
| 244 | -0.03487107053523105793 | +0.60563634687849432492 |
| 245 | +0.03473019483319589318 | +0.64036654171169016259 |
| 246 | -0.03459017697581451278 | +0.60577636473587559429 |
| 247 | +0.03445100883635621170 | +0.64022737357223180599 |
| 248 | -0.03431268239844043055 | +0.60591469117379137543 |
| 249 | +0.03417518975407982107 | +0.64008988092787122426 |
| 250 | -0.03403852310176590235 | +0.60605135782610530804 |
| 251 | +0.03390267474459628116 | +0.63995403257070160308 |
| 252 | -0.03376763708844230522 | +0.60618639548225927705 |
| 253 | +0.03363340264015616393 | +0.63981979812241540628 |
| 254 | -0.03349996400581640305 | +0.60631983411659895467 |
| 255 | +0.03336731388901088141 | +0.63968714800560988465 |
| 256 | -0.03323544508915624723 | +0.60645170291645367211 |
| 257 | +0.03310435049985299694 | +0.63955605341630672456 |
| 258 | -0.03297402310727524238 | +0.60658203030903146136 |
| 259 | +0.03284445598859427745 | +0.63942648629762577350 |
| 260 | -0.03271564231043517373 | +0.60671084398719055120 |
| 261 | +0.03258757532736552415 | +0.63929841931455611004 |
| 262 | -0.03246024838041559890 | +0.60683817093414049726 |
| 263 | +0.03233365489562904649 | +0.63917182582976950211 |
| 264 | -0.03220778838264355681 | +0.60696403744712590367 |
| 265 | +0.03208264243330054971 | +0.63904667988042640481 |
| 266 | -0.03195821072028339621 | +0.60708846916014302941 |
| 267 | +0.03183448699578328434 | +0.63892295615592631375 |
| 268 | -0.03171146509019221599 | +0.60721149106573413246 |
| 269 | +0.03158913891082240633 | +0.63880062997655651102 |
| 270 | -0.03146750244065147500 | +0.60733312753590507072 |
| 271 | +0.03134654973709280479 | +0.63867967727299790326 |
| 272 | -0.03122627493079051589 | +0.60745340234220734921 |
| 273 | +0.03110667222443835520 | +0.63856007456664565236 |
| 274 | -0.03098773589162210490 | +0.60757233867502358216 |
| 275 | +0.03086946027568481660 | +0.63844179895070840569 |
| 276 | -0.03075183978861442680 | +0.60768995916209400665 |
| 277 | +0.03063486890995316056 | +0.63832482807204715680 |
| 278 | -0.03051854218572828958 | +0.60780628588631890885 |
| 279 | +0.03040285422740368962 | +0.63820914011372265051 |
| 280 | -0.03028779971085176007 | +0.60792134040287093555 |
| 281 | +0.03017337337534522698 | +0.63809471377821613824 |
| 282 | -0.03005957002256832641 | +0.60803514375564782224 |
| 283 | +0.02994638451564702805 | +0.63798152827129483988 |
| 284 | -0.02983381177819777880 | +0.60814771649309706802 |
| 285 | +0.02972184679339436725 | +0.63786956328649146997 |
| 286 | -0.02961048460305252747 | +0.60825907868343898066 |
| 287 | +0.02949972030673184489 | +0.63775879899017084984 |
| 288 | -0.02938954906085462088 | +0.60836924992931618039 |
| 289 | +0.02927996607784127611 | +0.63764921600715740446 |
| 290 | -0.02917096662526194942 | +0.60847824938189543076 |
| 291 | +0.02906254602500390680 | +0.63754079540689934102 |
| 292 | -0.02895469965245447280 | +0.60858609575444488904 |
| 293 | +0.02884742293569904706 | +0.63743351869014397426 |
| 294 | -0.02874071135473397348 | +0.60869280733540997996 |
| 295 | +0.02863456044069386669 | +0.63732736777610388135 |
| 296 | -0.02852896577509310069 | +0.60879840200101076331 |
| 297 | +0.02842392298908118925 | +0.63722232499009190398 |
| 298 | -0.02831942776271168319 | +0.60890289722738022427 |
| 299 | +0.02821547582422438347 | +0.63711837305160456957 |
| 300 | -0.02811206294934049180 | +0.60900631010226402573 |
| 301 | +0.02800918496057047680 | +0.63701549506283450253 |
| 302 | -0.02790683772653440586 | +0.60910865733630004115 |
| 303 | +0.02780501716129440276 | +0.63691367449759439534 |
| 304 | -0.02770371922369904358 | +0.60920995527389532054 |
| 305 | +0.02760293991673939268 | +0.63681289519063466464 |
| 306 | -0.02750267528691646007 | +0.60931021990371825314 |
| 307 | +0.02740292142361984082 | +0.63671314132733813906 |
| 308 | -0.02730367445851728664 | +0.60940946686882080385 |
| 309 | +0.02720493056495498080 | +0.63661439743377579159 |
| 310 | -0.02710668595736831152 | +0.60950771147640747660 |
| 311 | +0.02700893689070291495 | +0.63651664836711041584 |
| 312 | -0.02691167965984578650 | +0.60960496870726466057 |
| 313 | +0.02681491059906622454 | +0.63641987930633092674 |
| 314 | -0.02671862608146644696 | +0.60970125322486445896 |
| 315 | +0.02662282251844163422 | +0.63632407574330607236 |
| 316 | -0.02652749635914925658 | +0.60979657938415676721 |
| 317 | +0.02643264408998746359 | +0.63622922347414423427 |
| 318 | -0.02633826223408236231 | +0.60989096124006192401 |
| 319 | +0.02624434735078400721 | +0.63613530859084588265 |
| 320 | -0.02615089603517090078 | +0.60998441255567503738 |
| 321 | +0.02605790491756290392 | +0.63604231747323791701 |
| 322 | -0.02596537066304228578 | +0.61007694681019564165 |
| 323 | +0.02587328997098285732 | +0.63595023678117845733 |
| 324 | -0.02578165957458692162 | +0.61016857720659156694 |
| 325 | +0.02569047624042999217 | +0.63585905344702153830 |
| 326 | -0.02559973676801304693 | +0.61025931667900845667 |
| 327 | +0.02550943798932218953 | +0.63576875466833060457 |
| 328 | -0.02541957676839561031 | +0.61034917789993503590 |
| 329 | +0.02533015000089763533 | +0.63567932790083270245 |
| 330 | -0.02524115461369979413 | +0.61043817328713290138 |
| 331 | +0.02515258756446872232 | +0.63559076085160159941 |
| 332 | -0.02506444584126079136 | +0.61052631501034082540 |
| 333 | +0.02497672646212332689 | +0.63550304147246416964 |
| 334 | -0.02488942647470226976 | +0.61061361499776189987 |
| 335 | +0.02480254295585620355 | +0.63541615795361805485 |
| 336 | -0.02471607301127658543 | +0.61070008494234151453 |
| 337 | +0.02463001377511407977 | +0.63533009871745560471 |
| 338 | -0.02454436240961084884 | +0.61078573630784471771 |
| 339 | +0.02445911610473874495 | +0.63524485241258343837 |
| 340 | -0.02437427207784324465 | +0.61087058033474017638 |
| 341 | +0.02428982757329302758 | +0.63516040790803318661 |
| 342 | -0.02420577986213511001 | +0.61095462804589806272 |
| 343 | +0.02412212624175538722 | +0.63507675428765342218 |
| 344 | -0.02403886403554455695 | +0.61103789025210886177 |
| 345 | +0.02395599059256923319 | +0.63499388084467811577 |
| 346 | -0.02387350328724823986 | +0.61112037755742987244 |
| 347 | +0.02379139951903391781 | +0.63491177707646384576 |
| 348 | -0.02370967671209840005 | +0.61120210036436539713 |
| 349 | +0.02362833231502473041 | +0.63483043267939009979 |
| 350 | -0.02354736380050278036 | +0.61128306887888728127 |
| 351 | +0.02346676866502981837 | +0.63474983754391711699 |
| 352 | -0.02338654442861569718 | +0.61136329311530146491 |
| 353 | +0.02330668863449253739 | +0.63466998174979405434 |
| 354 | -0.02322719884882885888 | +0.61144278290096520934 |
| 355 | +0.02314807266044805953 | +0.63459085556141325846 |
| 356 | -0.02306930768055116127 | +0.61152154788086210413 |
| 357 | +0.02299090154244374726 | +0.63451244942330586873 |
| 358 | -0.02291285190126703120 | +0.61159959752203885142 |
| 359 | +0.02283515643373297196 | +0.63443475395577186848 |
| 360 | -0.02275781283786335388 | +0.61167694111790849032 |
| 361 | +0.02268081883273278393 | +0.63435775995064125343 |
| 362 | -0.02260417215821549503 | +0.61175358779242572371 |
| 363 | +0.02252787057473595173 | +0.63428145836716165462 |
| 364 | -0.02245191186302314054 | +0.61182954650413856612 |
| 365 | +0.02237629382386847887 | +0.63420584032800708663 |
| 366 | -0.02230101427788732521 | +0.61190482605011975448 |
| 367 | +0.02222607106528396576 | +0.63413089711540371329 |
| 368 | -0.02215146204562007740 | +0.61197943506978358386 |
| 369 | +0.02207718509758655259 | +0.63405662016737018849 |
| 370 | -0.02200323811877867575 | +0.61205338204859149887 |
| 371 | +0.02192961902547454350 | +0.63398300107406602155 |
| 372 | -0.02185632575241672204 | +0.61212667532164932727 |
| 373 | +0.02178335625259705463 | +0.63391003157424641312 |
| 374 | -0.02171070849704456740 | +0.61219932307720181797 |
| 375 | +0.02163838047461644210 | +0.63383770355181823231 |
| 376 | -0.02156637019179196216 | +0.61227133336002625974 |
| 377 | +0.02149467567246943558 | +0.63376600903249569186 |
| 378 | -0.02142329495776599743 | +0.61234271407472973259 |
| 379 | +0.02135222610582026420 | +0.63369494018054994822 |
| 380 | -0.02128146719159779501 | +0.61241347298895210116 |
| 381 | +0.02121101630669929364 | +0.63362448929565140521 |
| 382 | -0.02114087155917153057 | +0.61248361773647985729 |
| 383 | +0.02107103107332092273 | +0.63355464880980072451 |
| 384 | -0.02100149298952972907 | +0.61255315582027103360 |
| 385 | +0.02093225546407481361 | +0.63348541128434587844 |
| 386 | -0.02086331666894894812 | +0.61262209461539696154 |
| 387 | +0.02079467479168460239 | +0.63341676940708158128 |
| 388 | -0.02072632803518018388 | +0.61269044137190142862 |
| 389 | +0.02065827461752867480 | +0.63334871598943009996 |
| 390 | -0.02059051277184863540 | +0.61275820321758145415 |
| 391 | +0.02052304074611755944 | +0.63328124396369900317 |
| 392 | -0.02045585680300749179 | +0.61282538716069145934 |
| 393 | +0.02038895921972291858 | +0.63321434638041440568 |
| 394 | -0.02032234628784086033 | +0.61289200009257349677 |
| 395 | +0.02025601631315315093 | +0.63314801640572659913 |
| 396 | -0.02018996761551086760 | +0.61295804879021575928 |
| 397 | +0.02012419852867085648 | +0.63308224731888662618 |
| 398 | -0.02005870740014435716 | +0.61302353991874225514 |
| 399 | +0.01999349259104764298 | +0.63301703250978991200 |
| 400 | -0.01992855247595468754 | +0.61308848003383520364 |
| 401 | +0.01986388544275181564 | +0.63295236547658706439 |
| 402 | -0.01979948989249427985 | +0.61315287558409281576 |
| 403 | +0.01973536423926477643 | +0.63288823982335762341 |
| 404 | -0.01967150691003382093 | +0.61321673291332379208 |
| 405 | +0.01960791634452199728 | +0.63282464925784576160 |
| 406 | -0.01954459099506403175 | +0.61328005826278175761 |
| 407 | +0.01948152932647465724 | +0.63276158758925638015 |
| 408 | -0.01941872981591625039 | +0.61334285777334007772 |
| 409 | +0.01935619095276819648 | +0.63269904872610827073 |
| 410 | -0.01929391123849799258 | +0.61340513748761027468 |
| 411 | +0.01923188918653402288 | +0.63263702667414434266 |
| 412 | -0.01917012332213999595 | +0.61346690335200437794 |
| 413 | +0.01910861218229101613 | +0.63257551553429536284 |
| 414 | -0.01904735431555126812 | +0.61352816121874409472 |
| 415 | +0.01898634828195328028 | +0.63251450950069743051 |
| 416 | -0.01892559265287876644 | +0.61358891684781868836 |
| 417 | +0.01886508601094097348 | +0.63245400285875963409 |
| 418 | -0.01880482694986856940 | +0.61364917590889112020 |
| 419 | +0.01874481407439100925 | +0.63239398998328211210 |
| 420 | -0.01868504600012536529 | +0.61370894398315678497 |
| 421 | +0.01862552135346460733 | +0.63233446533662140965 |
| 422 | -0.01856623877146731244 | +0.61376822656515406251 |
| 423 | +0.01850719690174875559 | +0.63227542346690279729 |
| 424 | -0.01844839440237339839 | +0.61382702906452935032 |
| 425 | +0.01838982994174872751 | +0.63221685900627810906 |
| 426 | -0.01833150219852044266 | +0.61388535680775768721 |
| 427 | +0.01827340986146894913 | +0.63215876666922665716 |
| 428 | -0.01821555162940715483 | +0.61394321503981952315 |
| 429 | +0.01815792621107955099 | +0.63210114125089911230 |
| 430 | -0.01810053232506254883 | +0.61400060892583652183 |
| 431 | +0.01804336869966606874 | +0.63204397762550257323 |
| 432 | -0.01798643407283632284 | +0.61405754355266628508 |
| 433 | +0.01792972719205983972 | +0.63198727074472615950 |
| 434 | -0.01787324681426865139 | +0.61411402393045755321 |
| 435 | +0.01781699170574666674 | +0.63193101563620424077 |
| 436 | -0.01776096064203718308 | +0.61417005499416710279 |
| 437 | +0.01770515240785153557 | +0.63187520740201863489 |
| 438 | -0.01764956579697888467 | +0.61422564160503978492 |
| 439 | +0.01759419961219707562 | +0.63181984121723688830 |
| 440 | -0.01753905266518461167 | +0.61428078855205225928 |
| 441 | +0.01748412377643368890 | +0.63176491232848597246 |
| 442 | -0.01742941177516427534 | +0.61433550055332164508 |
| 443 | +0.01737491549923925183 | +0.63171041605256084139 |
| 444 | -0.01732063379508056236 | +0.61438978225748031026 |
| 445 | +0.01726656551758637761 | +0.63165634777506673991 |
| 446 | -0.01721270953004925414 | +0.61444363824501746496 |
| 447 | +0.01715906470407528236 | +0.63160270294909270916 |
| 448 | -0.01710562991950420261 | +0.61449707302958855859 |
| 449 | +0.01705240406433045780 | +0.63154947709391906496 |
| 450 | -0.01699938603462521070 | +0.61455009105929381263 |
| 451 | +0.01694657473445926321 | +0.63149666579375307585 |
| 452 | -0.01689396907582691246 | +0.61460269671792611135 |
| 453 | +0.01684156797857069496 | +0.63144426469649683753 |
| 454 | -0.01678937037030701906 | +0.61465489432618980459 |
| 455 | +0.01673737518635268900 | +0.63139226951254245890 |
| 456 | -0.01668558136965225466 | +0.61470668814289020077 |
| 457 | +0.01663398787070626342 | +0.63134067601359644684 |
| 458 | -0.01658259364750031342 | +0.61475808236609608137 |
| 459 | +0.01653139766543494996 | +0.63128948003153106949 |
| 460 | -0.01648039889725636670 | +0.61480908113427468198 |
| 461 | +0.01642959632298793965 | +0.63123867745726258693 |
| 462 | -0.01637898892986251395 | +0.61485968852740002788 |
| 463 | +0.01632857571225550947 | +0.63118826423965557204 |
| 464 | -0.01627835567161878619 | +0.61490990856803673381 |
| 465 | +0.01622832781641525557 | +0.63113823638445198938 |
| 466 | -0.01617849116205426901 | +0.61495974522239771343 |
| 467 | +0.01612884473082773149 | +0.63108858995322547614 |
| 468 | -0.01607938755184694368 | +0.61500920240137857409 |
| 469 | +0.01603011866098018323 | +0.63103932106235871569 |
| 470 | -0.01598103710079096587 | +0.61505828396156769777 |
| 471 | +0.01593214192047704217 | +0.63099042588204479198 |
| 472 | -0.01588343217581005690 | +0.61510699370623478366 |
| 473 | +0.01583490692907591271 | +0.63094190063531074841 |
| 474 | -0.01578656524901579303 | +0.61515533538629496579 |
| 475 | +0.01573840621076785448 | +0.63089374159706279599 |
| 476 | -0.01569042889580957167 | +0.61520331270125327983 |
| 477 | +0.01564263239190073415 | +0.63084594509315405908 |
| 478 | -0.01559501579302707483 | +0.61525092930012703629 |
| 479 | +0.01554757819934452813 | +0.63079850749947152799 |
| 480 | -0.01550031871712411781 | +0.61529818878234743273 |
| 481 | +0.01545323645869744328 | +0.63075142524104488295 |
| 482 | -0.01540633054240278174 | +0.61534509469864206999 |
| 483 | +0.01535960009253178535 | +0.63070469479117385880 |
| 484 | -0.01531304423927675601 | +0.61539165055189715137 |
| 485 | +0.01526666211867851695 | +0.63065831267057570475 |
| 486 | -0.01522045287257485155 | +0.61543785979800080810 |
| 487 | +0.01517441564854949722 | +0.63061227544655029664 |
| 488 | -0.01512854959988172050 | +0.61548372584666855012 |
| 489 | +0.01508285388549641774 | +0.63056657973216501123 |
| 490 | -0.01503732766991477607 | +0.61552925206225028720 |
| 491 | +0.01499197012320546696 | +0.63052122218545569865 |
| 492 | -0.01494678042093637409 | +0.61557444176451936446 |
| 493 | +0.01490175774412682598 | +0.63047619950864619565 |
| 494 | -0.01485690127920037337 | +0.61561929822944583268 |
| 495 | +0.01481221021793805055 | +0.63043150844738393701 |
| 496 | -0.01476768375743215712 | +0.61566382468995173305 |
| 497 | +0.01472332110004052723 | +0.63038714578999222038 |
| 498 | -0.01467912145334128449 | +0.61570802433665094977 |
| 499 | +0.01463508403008809654 | +0.63034310836673901335 |
| 500 | -0.01459120804816589276 | +0.61575190031857307549 |
| 501 | +0.01454749273054706249 | +0.63029939304912008247 |
| 502 | -0.01450393730524811298 | +0.61579545574387195561 |
| 503 | +0.01446054100528678873 | +0.63025599674915877557 |
| 504 | -0.01441730306863964542 | +0.61583869368051913362 |
| 505 | +0.01437422273820007645 | +0.63021291641871923783 |
| 506 | -0.01433129926173677508 | +0.61588161715698241938 |
| 507 | +0.01428853189185263182 | +0.63017014904883505988 |
| 508 | -0.01424591988594406909 | +0.61592422916289102375 |
| 509 | +0.01420346250616080601 | +0.63012769166905180374 |
| 510 | -0.01416115901936603264 | +0.61596653264968581620 |
| 511 | +0.01411900869709701092 | +0.63008554134678285141 |
| 512 | -0.01407701081552606773 | +0.61600853053125681491 |
| 513 | +0.01403516465542202149 | +0.63004369518667879824 |
| 514 | -0.01399346950211198190 | +0.61605022568456679899 |
| 515 | +0.01395192464544356241 | +0.63000215033001039089 |
| 516 | -0.01391052937974746745 | +0.61609162095026293038 |
| 517 | +0.01386928300380049252 | +0.62996090395406345586 |
| 518 | -0.01382818482078886774 | +0.61613271913327460894 |
| 519 | +0.01378723413827200213 | +0.62991995327154659545 |
| 520 | -0.01374643026814660433 | +0.61617352300340000326 |
| 521 | +0.01370577252661114506 | +0.62987929553001109628 |
| 522 | -0.01366526023413070813 | +0.61621403529588036907 |
| 523 | +0.01362489271540218150 | +0.62983892801128260608 |
| 524 | -0.01358466929931980913 | +0.61625425871196282124 |
| 525 | +0.01354458931894109847 | +0.62979884803090391276 |
| 526 | -0.01350465211145305579 | +0.61629419591945089341 |
| 527 | +0.01346485701813878409 | +0.62975905293758971393 |
| 528 | -0.01342520338434439846 | +0.61633384955324532761 |
| 529 | +0.01338569055944628487 | +0.62971954011269160034 |
| 530 | -0.01334631789681869039 | +0.61637322221587287352 |
| 531 | +0.01330708475380162729 | +0.62968030696967447479 |
| 532 | -0.01326799049166910854 | +0.61641231647800531768 |
| 533 | +0.01322903447559769380 | +0.62964135095360296290 |
| 534 | -0.01319021607463534938 | +0.61645113487896763260 |
| 535 | +0.01315153466167062746 | +0.62960266954063826006 |
| 536 | -0.01311298961340213141 | +0.61648967992723613385 |
| 537 | +0.01307458031030831087 | +0.62956426023754441523 |
| 538 | -0.01303630613661752383 | +0.61652795410092686712 |
| 539 | +0.01299816648027841970 | +0.62952612058120527294 |
| 540 | -0.01296016073293060518 | +0.61656595984827466950 |
| 541 | +0.01292228828987559107 | +0.62948824813815029700 |
| 542 | -0.01288454855004804098 | +0.61660369958810223867 |
| 543 | +0.01284694091598728195 | +0.62945064050408949807 |
| 544 | -0.01280946479380910656 | +0.61664117571028043141 |
| 545 | +0.01277211959317784730 | +0.62941329530345824228 |
| 546 | -0.01273490472727872164 | +0.61667839057617956922 |
| 547 | +0.01269781961279043900 | +0.62937621018897005332 |
| 548 | -0.01266086366985809397 | +0.61671534651911197322 |
| 549 | +0.01262403632206629371 | +0.62933938284117829642 |
| 550 | -0.01258733699641256983 | +0.61675204584476572833 |
| 551 | +0.01255076512328103140 | +0.62930281096804674412 |
| 552 | -0.01251432013641627476 | +0.61678849083163045375 |
| 553 | +0.01247800147289754823 | +0.62926649230452802453 |
| 554 | -0.01244180857311315974 | +0.61682468373141485785 |
| 555 | +0.01240574088073513256 | +0.62923042461214995225 |
| 556 | -0.01236979784269410035 | +0.61686062676945585537 |
| 557 | +0.01233397890915443815 | +0.62919460567861029698 |
| 558 | -0.01229828353348964495 | +0.61689632214512069019 |
| 559 | +0.01226271117225793961 | +0.62915903331737865756 |
| 560 | -0.01222726128517810477 | +0.61693177203220050941 |
| 561 | +0.01219193333510554776 | +0.62912370536730610748 |
| 562 | -0.01215672678800859378 | +0.61696697857929749809 |
| 563 | +0.01212164111294500128 | +0.62908861969224250110 |
| 564 | -0.01208667578203869754 | +0.61700194391020379836 |
| 565 | +0.01205183027045673462 | +0.62905377418066055206 |
| 566 | -0.01201710405638645868 | +0.61703667012427410032 |
| 567 | +0.01198249662101288915 | +0.62901916674528701723 |
| 568 | -0.01194800744849632348 | +0.61707115929679068334 |
| 569 | +0.01191363602595013269 | +0.62898479532274076398 |
| 570 | -0.01187938184341877715 | +0.61710541347932201806 |
| 571 | +0.01184524439385601507 | +0.62895065787317805395 |
| 572 | -0.01181122317310332424 | +0.61713943470007470715 |
| 573 | +0.01177731767986851807 | +0.62891675237994326686 |
| 574 | -0.01174352741570455251 | +0.61717322496423876466 |
| 575 | +0.01170985188498854801 | +0.62888307684922728491 |
| 576 | -0.01167629059490097806 | +0.61720678625432634501 |
| 577 | +0.01164284305540506589 | +0.62884962930973142825 |
| 578 | -0.01160950877922637021 | +0.61724012053050503201 |
| 579 | +0.01157628728183255316 | +0.62881640781233760773 |
| 580 | -0.01154317808141332516 | +0.61727322973092424441 |
| 581 | +0.01151018069886059793 | +0.62878341042978480591 |
| 582 | -0.01147729465774878325 | +0.61730611577203597928 |
| 583 | +0.01144451948431530162 | +0.62875063525635133121 |
| 584 | -0.01141185470744125047 | +0.61733878054891011544 |
| 585 | +0.01137929985863224761 | +0.62871808040754240121 |
| 586 | -0.01134685447199945858 | +0.61737122593554294436 |
| 587 | +0.01131451808424078359 | +0.62868574401978372101 |
| 588 | -0.01128229023462222480 | +0.61740345378516148234 |
| 589 | +0.01125017046495940636 | +0.62865362425012083492 |
| 590 | -0.01121815831959927477 | +0.61743546593052156535 |
| 591 | +0.01118625334540195373 | +0.62862171927592347398 |
| 592 | -0.01115445509172276715 | +0.61746726418420072591 |
| 593 | +0.01112276311039441835 | +0.62859002729459512171 |
| 594 | -0.01109117695570932885 | +0.61749885033888574082 |
| 595 | +0.01105969618440213673 | +0.62855854652328790877 |
| 596 | -0.01102832035563234767 | +0.61753022616765551600 |
| 597 | +0.01099704903096713690 | +0.62852727519862261474 |
| 598 | -0.01096588177436431423 | +0.61756139342425830918 |
| 599 | +0.01093481815215542607 | +0.62849621157641377689 |
| 600 | -0.01090385773302900846 | +0.61759235384338473374 |
| 601 | +0.01087300008801400479 | +0.62846535393139868475 |
| 602 | -0.01084224479046330160 | +0.61762310914093543346 |
| 603 | +0.01081159141603743254 | +0.62843470055697281396 |
| 604 | -0.01078103954268840904 | +0.61765366101428442747 |
| 605 | +0.01075058875064369666 | +0.62840424976492814668 |
| 606 | -0.01072023862239034238 | +0.61768401114253779216 |
| 607 | +0.01068998874265921807 | +0.62837399988519704319 |
| 608 | -0.01065983869840942191 | +0.61771416118678756924 |
| 609 | +0.01062978807881280463 | +0.62834394926560033223 |
| 610 | -0.01059983647523862760 | +0.61774411279036167688 |
| 611 | +0.01056998348123836494 | +0.62831409627160006437 |
| 612 | -0.01054022869253062183 | +0.61777386757906949111 |
| 613 | +0.01051057170698619161 | +0.62828443928605570701 |
| 614 | -0.01048101212461324643 | +0.61780342716144243109 |
| 615 | +0.01045154954754264065 | +0.62825497670898511338 |
| 616 | -0.01042218358001335311 | +0.61783279312897176894 |
| 617 | +0.01039291382835804550 | +0.62822570695732982138 |
| 618 | -0.01036373990098874744 | +0.61786196705634111037 |
| 619 | +0.01033466140838267336 | +0.62819662846472379414 |
| 620 | -0.01030567796306813312 | +0.61789095050165565581 |
| 621 | +0.01027678917961059694 | +0.62816773968126626837 |
| 622 | -0.01024799467459885059 | +0.61791974500666746462 |
| 623 | +0.01021929406663128065 | +0.62813903907329871057 |
| 624 | -0.01019068697630227602 | +0.61794835209699638945 |
| 625 | +0.01016217302618874045 | +0.62811052512318510388 |
| 626 | -0.01013375184083671957 | +0.61797677328234834615 |
| 627 | +0.01010542304674814408 | +0.62808219632909645380 |
| 628 | -0.01007718627236767195 | +0.61800501005672880961 |
| 629 | +0.01004904114806966405 | +0.62805405120479851355 |
| 630 | -0.01002098730614523966 | +0.61803306389865331205 |
| 631 | +0.00999302438078947079 | +0.62802608827944272907 |
| 632 | -0.00996515200808865444 | +0.61806093627135405555 |
| 633 | +0.00993736982600770639 | +0.62799830609736173592 |
| 634 | -0.00990967747437766777 | +0.61808862862298408203 |
| 635 | +0.00988207459488329304 | +0.62797070321786740976 |
| 636 | -0.00985456083105075778 | +0.61811614238681666933 |
| 637 | +0.00982713582823546705 | +0.62794327821505213638 |
| 638 | -0.00979979923360995049 | +0.61814347898144217375 |
| 639 | +0.00977255069615187710 | +0.62791602967759407861 |
| 640 | -0.00974538986663215506 | +0.61817063981096187497 |
| 641 | +0.00971831639760313039 | +0.62788895620856499669 |
| 642 | -0.00969132994338689144 | +0.61819762626517815729 |
| 643 | +0.00966443016006365667 | +0.62786205642524184345 |
| 644 | -0.00963761670546026822 | +0.61822443971978158217 |
| 645 | +0.00961088923913877222 | +0.62783532895892035786 |
| 646 | -0.00958424742238509451 | +0.61825108153653529630 |
| 647 | +0.00955769091819781008 | +0.62780877245473309944 |
| 648 | -0.00953121939127700261 | +0.61827755306345610897 |
| 649 | +0.00950483250801321261 | +0.62778238557146937016 |
| 650 | -0.00947852993647647739 | +0.61830385563499290491 |
| 651 | +0.00945231134640545610 | +0.62775616698139835581 |
| 652 | -0.00942617640919665191 | +0.61832999057220172645 |
| 653 | +0.00940012479789370525 | +0.62773011537009537619 |
| 654 | -0.00937415618717679124 | +0.61835595918291863526 |
| 655 | +0.00934827025335208811 | +0.62770422943627068868 |
| 656 | -0.00932246667434133078 | +0.61838176276192935443 |
| 657 | +0.00929674512967146316 | +0.62767850789160084535 |
| 658 | -0.00927110530046435476 | +0.61840740259113646804 |
| 659 | +0.00924554686942660915 | +0.62765294946056304770 |
| 660 | -0.00922006952083945230 | +0.61843287993972362315 |
| 661 | +0.00919467294054869717 | +0.62762755288027227696 |
| 662 | -0.00916935681595479508 | +0.61845819606431751136 |
| 663 | +0.00914412083600296167 | +0.62760231690032042273 |
| 664 | -0.00911896469117338092 | +0.61848335220914707477 |
| 665 | +0.00909388807347148546 | +0.62757724028261852034 |
| 666 | -0.00906889067641831505 | +0.61850834960620015845 |
| 667 | +0.00904397219504095989 | +0.62755232180124109753 |
| 668 | -0.00901913232586305617 | +0.61853318947537805350 |
| 669 | +0.00899437076689538033 | +0.62752756024227340781 |
| 670 | -0.00896968721762650759 | +0.61855787302464693145 |
| 671 | +0.00894508137901353639 | +0.62750295440366044009 |
| 672 | -0.00892055295347289959 | +0.61858240145018750233 |
| 673 | +0.00889610164487123628 | +0.62747850309505870392 |
| 674 | -0.00887172715851633660 | +0.61860677593654234130 |
| 675 | +0.00884742920114816277 | +0.62745420513769045723 |
| 676 | -0.00882320748092993434 | +0.61863099765676055064 |
| 677 | +0.00879906170743928462 | +0.62743005936419982138 |
| 678 | -0.00877499159165948291 | +0.61865506777254031245 |
| 679 | +0.00875099684597072623 | +0.62740606461851100573 |
| 680 | -0.00872707718414150735 | +0.61867898743436944287 |
| 681 | +0.00870323232132002612 | +0.62738221975568941868 |
| 682 | -0.00867946197402569460 | +0.61870275778166372582 |
| 683 | +0.00865576586014068713 | +0.62735852364180444418 |
| 684 | -0.00863214369890156520 | +0.61872637994290291541 |
| 685 | +0.00860859521089096281 | +0.62733497515379388343 |
| 686 | -0.00858512011802933274 | +0.61874985503576451773 |
| 687 | +0.00856171814356676900 | +0.62731157317933128326 |
| 688 | -0.00853838901207487275 | +0.61877318416725646255 |
| 689 | +0.00851513244943868930 | +0.62728831661669515185 |
| 690 | -0.00849194818284871450 | +0.61879636843384644429 |
| 691 | +0.00846883594079294449 | +0.62726520437463939572 |
| 692 | -0.00844579545304900009 | +0.61881940892159037482 |
| 693 | +0.00842282645067630661 | +0.62724223537226664327 |
| 694 | -0.00839992866600832409 | +0.61884230670625828274 |
| 695 | +0.00837710183264485549 | +0.62721940853890312262 |
| 696 | -0.00835434568544438788 | +0.61886506285345876943 |
| 697 | +0.00833165996051651522 | +0.62719672281397531588 |
| 698 | -0.00830904439521440094 | +0.61888767841876091147 |
| 699 | +0.00828649872812730129 | +0.62717417714688816766 |
| 700 | -0.00826402269907315634 | +0.61891015444781505295 |
| 701 | +0.00824161604909121569 | +0.62715177049690629119 |
| 702 | -0.00821927852043473524 | +0.61893249197647159932 |
| 703 | +0.00819700985656372436 | +0.62712950183303528551 |
| 704 | -0.00817480980213773807 | +0.61895469203089759080 |
| 705 | +0.00815267810300874217 | +0.62710737013390638328 |
| 706 | -0.00813061450621400950 | +0.61897675562769238766 |
| 707 | +0.00810861875996908392 | +0.62708537438766143168 |
| 708 | -0.00808669061366079113 | +0.61899868377400069086 |
| 709 | +0.00806482981784029627 | +0.62706351359184098193 |
| 710 | -0.00804303612421622752 | +0.61902047746762478564 |
| 711 | +0.00802130928564782908 | +0.62704178675327260084 |
| 712 | -0.00799964905613818368 | +0.61904213769713445359 |
| 713 | +0.00797805519082747314 | +0.62702019288796195795 |
| 714 | -0.00795652744598629100 | +0.61906366544197566348 |
| 715 | +0.00793506557900901244 | +0.62699873102098468980 |
| 716 | -0.00791366934840719884 | +0.61908506167257748576 |
| 717 | +0.00789233851380305440 | +0.62697740018638059567 |
| 718 | -0.00787107283592294177 | +0.61910632735045767472 |
| 719 | +0.00784987207659092884 | +0.62695619942704861050 |
| 720 | -0.00782873599872239458 | +0.61912746342832625235 |
| 721 | +0.00780766436631767299 | +0.62693512779464388718 |
| 722 | -0.00778665694445574569 | +0.61914847085018809292 |
| 723 | +0.00776571349928798470 | +0.62691418434947610017 |
| 724 | -0.00774483379803193178 | +0.61916935055144417532 |
| 725 | +0.00772401760896513235 | +0.62689336816040930334 |
| 726 | -0.00770326470141900494 | +0.61919010345899028191 |
| 727 | +0.00768257484577276016 | +0.62687267830476300912 |
| 728 | -0.00766194781344736297 | +0.61921073049131569732 |
| 729 | +0.00764138337689953141 | +0.62685211386821526602 |
| 730 | -0.00762088130961579256 | +0.61923123255859946479 |
| 731 | +0.00760044138610656544 | +0.62683167394470606926 |
| 732 | -0.00758006338190029411 | +0.61925161056280575433 |
| 733 | +0.00755974707353762338 | +0.62681135763634332481 |
| 734 | -0.00753949223856561265 | +0.61927186539777767660 |
| 735 | +0.00751929865553199218 | +0.62679116405330970174 |
| 736 | -0.00749916610397946201 | +0.61929199794933020851 |
| 737 | +0.00747909436444002540 | +0.62677109231377026166 |
| 738 | -0.00745908321842937098 | +0.61931200909534089849 |
| 739 | +0.00743913244844128605 | +0.62675114154378219755 |
| 740 | -0.00741924183794211416 | +0.61933189970584012762 |
| 741 | +0.00739941117136525429 | +0.62673131087720534982 |
| 742 | -0.00737964023410568864 | +0.61935167064309970542 |
| 743 | +0.00735992881251456166 | +0.62671159945561427662 |
| 744 | -0.00734027669389378766 | +0.61937132276172046641 |
| 745 | +0.00732068366649069827 | +0.62669200642821121239 |
| 746 | -0.00730114951949273165 | +0.61939085690871853451 |
| 747 | +0.00728167404302215108 | +0.62667253095174069166 |
| 748 | -0.00726225702813081218 | +0.61941027392360992199 |
| 749 | +0.00724289826679495180 | +0.62665317219040483909 |
| 750 | -0.00722359755191002290 | +0.61942957463849479538 |
| 751 | +0.00720435467728556492 | +0.62663392931578032474 |
| 752 | -0.00718516943764010551 | +0.61944875987814018714 |
| 753 | +0.00716604162859610112 | +0.62661480150673631861 |
| 754 | -0.00714697104667491069 | +0.61946783046006137496 |
| 755 | +0.00712795748929180399 | +0.62659578794935322232 |
| 756 | -0.00710900075475100809 | +0.61948678719460226194 |
| 757 | +0.00709010064224077901 | +0.62657688783684306610 |
| 758 | -0.00707125695182851937 | +0.61950563088501453546 |
| 759 | +0.00705246948445592027 | +0.62655810036947046093 |
| 760 | -0.00703373804193413790 | +0.61952436232753627099 |
| 761 | +0.00701506242693901005 | +0.62653942475447532701 |
| 762 | -0.00699644244300629339 | +0.61954298231146898157 |
| 763 | +0.00697787789452694509 | +0.62652086020599595528 |
| 764 | -0.00695936858674242945 | +0.61956149161925355706 |
| 765 | +0.00694091432574005761 | +0.62650240594499362334 |
| 766 | -0.00692251491844836191 | +0.61957989102654531521 |
| 767 | +0.00690417017263249885 | +0.62648406119917776635 |
| 768 | -0.00688587989688968158 | +0.61959818130228805355 |
| 769 | +0.00686764390064465054 | +0.62646582520293270235 |
| 770 | -0.00684946199414516489 | +0.61961636320878754614 |
| 771 | +0.00683133398845753304 | +0.62644769719724502366 |
| 772 | -0.00681325969546216735 | +0.61963443750178281988 |
| 773 | +0.00679523892784917108 | +0.62642967642963198749 |
| 774 | -0.00677727149911395727 | +0.61965240493051798598 |
| 775 | +0.00675935722355289204 | +0.62641176215407090577 |
| 776 | -0.00674149591625897160 | +0.61967026623781196193 |
| 777 | +0.00672368739311752627 | +0.62639395363092953417 |
| 778 | -0.00670593147080195216 | +0.61968802216012752737 |
| 779 | +0.00668822796676947409 | +0.62637625012689701620 |
| 780 | -0.00667057669925693285 | +0.61970567342764004692 |
| 781 | +0.00665297748727660711 | +0.62635865091491660372 |
| 782 | -0.00663543015061205700 | +0.61972322076430452764 |
| 783 | +0.00661793450981399290 | +0.62634115527411848845 |
| 784 | -0.00660049038619618233 | +0.61974066488792234342 |
| 785 | +0.00658309760183137509 | +0.62632376248975374367 |
| 786 | -0.00656575597954725879 | +0.61975800651020651610 |
| 787 | +0.00654846534292243768 | +0.62630647185312893210 |
| 788 | -0.00653122551628244289 | +0.61977524633684644151 |
| 789 | +0.00651403632469576589 | +0.62628928266154215709 |
| 790 | -0.00649689759396991640 | +0.61979238506757228233 |
| 791 | +0.00647980915064751486 | +0.62627219421821977985 |
| 792 | -0.00646277082200239893 | +0.61980942339621736270 |
| 793 | +0.00644578243603575844 | +0.62625520583225313676 |
| 794 | -0.00642884382147230690 | +0.61982636201078078475 |
| 795 | +0.00641195480775646077 | +0.62623831681853725506 |
| 796 | -0.00639511522504855514 | +0.61984320159348871293 |
| 797 | +0.00637832490422108201 | +0.62622152649770979060 |
| 798 | -0.00636158367685495021 | +0.61985994282085488116 |
| 799 | +0.00634489137523577221 | +0.62620483419609063169 |
| 800 | -0.00632824783235017441 | +0.61987658636374043386 |
| 801 | +0.00631165288188212988 | +0.62618823924562261318 |
| 802 | -0.00629510635820931894 | +0.61989313288741332286 |
| 803 | +0.00627860809639950793 | +0.62617174098381278569 |
| 804 | -0.00626215793220695569 | +0.61990958305160581698 |
| 805 | +0.00624575570206883923 | +0.62615533875367468397 |
| 806 | -0.00622940124310170703 | +0.61992593751057301077 |
| 807 | +0.00621309439309795149 | +0.62613903190367092844 |
| 808 | -0.00619683499052230569 | +0.61994219691314866871 |
| 809 | +0.00618062287450836263 | +0.62612281978765704782 |
| 810 | -0.00616445788485511618 | +0.61995836190280195765 |
| 811 | +0.00614833986202352294 | +0.62610670176482552396 |
| 812 | -0.00613226864713309078 | +0.61997443311769240282 |
| 813 | +0.00611624408195848238 | +0.62609067719965083576 |
| 814 | -0.00610026600892614630 | +0.61999041119072473283 |
| 815 | +0.00608433427111096728 | +0.62607474546183572439 |
| 816 | -0.00606844871223293468 | +0.62000629674960283655 |
| 817 | +0.00605260917665383959 | +0.62605890592625668134 |
| 818 | -0.00603681550937398403 | +0.62002209041688272073 |
| 819 | +0.00602106755602891883 | +0.62604315797291165691 |
| 820 | -0.00600536516288619621 | +0.62003779281002546764 |
| 821 | +0.00598970817684214580 | +0.62602750098686765767 |
| 822 | -0.00597409644541867322 | +0.62005340454144897144 |
| 823 | +0.00595852981676007164 | +0.62601193435820901012 |
| 824 | -0.00594300813962986112 | +0.62006892621857911951 |
| 825 | +0.00592753126340764443 | +0.62599645748198673445 |
| 826 | -0.00591209903808598020 | +0.62008435844390075165 |
| 827 | +0.00589671131426728039 | +0.62598106975816802944 |
| 828 | -0.00588136794316072506 | +0.62009970181500728703 |
| 829 | +0.00586606877657919537 | +0.62596577059158653444 |
| 830 | -0.00585081366693622745 | +0.62011495692465035123 |
| 831 | +0.00583560246724298352 | +0.62595055939189336858 |
| 832 | -0.00582043503110524565 | +0.62013012436078807088 |
| 833 | +0.00580531121272042250 | +0.62593543557350850293 |
| 834 | -0.00579023086687457684 | +0.62014520470663392349 |
| 835 | +0.00577519384893947652 | +0.62592039855557335404 |
| 836 | -0.00576020001486965590 | +0.62016019854070369988 |
| 837 | +0.00574524922119950144 | +0.62590544776190315535 |
| 838 | -0.00573034132504035044 | +0.62017510643686279970 |
| 839 | +0.00571547618407761051 | +0.62589058262094043883 |
| 840 | -0.00570065365656789984 | +0.62018992896437252771 |
| 841 | +0.00568587360133619626 | +0.62587580256570873871 |
| 842 | -0.00567113587777301476 | +0.62020466668793572396 |
| 843 | +0.00565644034583159382 | +0.62586110703376729436 |
| 844 | -0.00564178686602510079 | +0.62021932016774217189 |
| 845 | +0.00562717529942386059 | +0.62584649546716608626 |
| 846 | -0.00561260550765258891 | +0.62023388995951345137 |
| 847 | +0.00559807735288765738 | +0.62583196731240109401 |
| 848 | -0.00558359069785436309 | +0.62024837661454668147 |
| 849 | +0.00556914540582421989 | +0.62581752202037088662 |
| 850 | -0.00555474134061226948 | +0.62026278067975859631 |
| 851 | +0.00554037836657440049 | +0.62580315904633299073 |
| 852 | -0.00552605634860469166 | +0.62027710269772828866 |
| 853 | +0.00551177515213276733 | +0.62578887784986103604 |
| 854 | -0.00549753464312116753 | +0.62029134320673984249 |
| 855 | +0.00548333468806273990 | +0.62577467789480256677 |
| 856 | -0.00546917515397804099 | +0.62030550274082452145 |
| 857 | +0.00545505590841275506 | +0.62576055864923729732 |
| 858 | -0.00544097681943513187 | +0.62031958182980218020 |
| 859 | +0.00542693775563343490 | +0.62574651958543558994 |
| 860 | -0.00541293858611340863 | +0.62033358099932223162 |
| 861 | +0.00539897918049575889 | +0.62573256017981804256 |
| 862 | -0.00538505940891364967 | +0.62034750077090439202 |
| 863 | +0.00537117914201021372 | +0.62571867991291463262 |
| 864 | -0.00535733825093607889 | +0.62036134166197853812 |
| 865 | +0.00534353660734691004 | +0.62570487826932541520 |
| 866 | -0.00532977408340096215 | +0.62037510418592445305 |
| 867 | +0.00531605055175665177 | +0.62569115473768111002 |
| 868 | -0.00530236588557014398 | +0.62038878885211101721 |
| 869 | +0.00528871995849294636 | +0.62567750881060391066 |
| 870 | -0.00527511264466952717 | +0.62040239616593439997 |
| 871 | +0.00526154381873493969 | +0.62566393998466929283 |
| 872 | -0.00524801335581246385 | +0.62041592662885680642 |
| 873 | +0.00523452113151126434 | +0.62565044776036804475 |
| 874 | -0.00522106702192405570 | +0.62042938073844400293 |
| 875 | +0.00520765090362478988 | +0.62563703164206874163 |
| 876 | -0.00519427265366634913 | +0.62044275898840239858 |
| 877 | +0.00518093214957825784 | +0.62562369113798066422 |
| 878 | -0.00516762926936440749 | +0.62045606186861623765 |
| 879 | +0.00515436389150079020 | +0.62561042576011705041 |
| 880 | -0.00514113589493325404 | +0.62046928986518379290 |
| 881 | +0.00512794515907526258 | +0.62559723502425901298 |
| 882 | -0.00511479156380567276 | +0.62048244346045333675 |
| 883 | +0.00510167498946652656 | +0.62558411844991990147 |
| 884 | -0.00508859531686084963 | +0.62049552313305900153 |
| 885 | +0.00507555242725047078 | +0.62557107556030944195 |
| 886 | -0.00506254620235384659 | +0.62050852935795564047 |
| 887 | +0.00504957652434390517 | +0.62555810588229954217 |
| 888 | -0.00503664327584589858 | +0.62052146260645368869 |
| 889 | +0.00502374633993526738 | +0.62554520894638898643 |
| 890 | -0.00501088560013551905 | +0.62053432334625346911 |
| 891 | +0.00499806094041612033 | +0.62553238428666957383 |
| 892 | -0.00498527224519039816 | +0.62054711204147916526 |
| 893 | +0.00497251939931345460 | +0.62551963144079258949 |
| 894 | -0.00495980228808009550 | +0.62055982915271246103 |
| 895 | +0.00494712079722276540 | +0.62550694994993527587 |
| 896 | -0.00493447481290950306 | +0.62057247513702573638 |
| 897 | +0.00492186422174189977 | +0.62549433935876763702 |
| 898 | -0.00490928891075307662 | +0.62058505044801459682 |
| 899 | +0.00489674876740566790 | +0.62548179921542024218 |
| 900 | -0.00488424367958981923 | +0.62059755553583040300 |
| 901 | +0.00487177353562119695 | +0.62546932907145158520 |
| 902 | -0.00485933822423900621 | +0.62060999084721257812 |
| 903 | +0.00484693763460402726 | +0.62545692848181655421 |
| 904 | -0.00483457165629665262 | +0.62062235682551991633 |
| 905 | +0.00482224017931494418 | +0.62544459700483490128 |
| 906 | -0.00480994309407269723 | +0.62063465391076222399 |
| 907 | +0.00479768029139751497 | +0.62543233420215971208 |
| 908 | -0.00478545166252889852 | +0.62064688253963085085 |
| 909 | +0.00477325709911634311 | +0.62542013963874720783 |
| 910 | -0.00476109649321744457 | +0.62065904314552977628 |
| 911 | +0.00474896973729602156 | +0.62540801288282577008 |
| 912 | -0.00473687672422024465 | +0.62067113615860547426 |
| 913 | +0.00472481734726077577 | +0.62539595350586629774 |
| 914 | -0.00471279150008891996 | +0.62068316200577733355 |
| 915 | +0.00470079907677478561 | +0.62538396108255212003 |
| 916 | -0.00468883997178545786 | +0.62069512111076663441 |
| 917 | +0.00467691407998317796 | +0.62537203519074979763 |
| 918 | -0.00466502129662353833 | +0.62070701389412630267 |
| 919 | +0.00465316151735368274 | +0.62536017541148003485 |
| 920 | -0.00464133463821051959 | +0.62071884077326955342 |
| 921 | +0.00462954055561894378 | +0.62534838132888848072 |
| 922 | -0.00461777916639006993 | +0.62073060216249842380 |
| 923 | +0.00460605036771947161 | +0.62533665253021786246 |
| 924 | -0.00459435405718543795 | +0.62074229847303241669 |
| 925 | +0.00458269013274723025 | +0.62532498860577967470 |
| 926 | -0.00457105849274335851 | +0.62075393011303636737 |
| 927 | +0.00455945903588985887 | +0.62531338914892620195 |
| 928 | -0.00454789166127858319 | +0.62076549748764764391 |
| 929 | +0.00453635626837550245 | +0.62530185375602309605 |
| 930 | -0.00452485275701901366 | +0.62077700099900412489 |
| 931 | +0.00451338102741826071 | +0.62529038202642239774 |
| 932 | -0.00450194098015146028 | +0.62078844104627095568 |
| 933 | +0.00449053251616423829 | +0.62527897356243522520 |
| 934 | -0.00447915553676798018 | +0.62079981802566719384 |
| 935 | +0.00446780994363818375 | +0.62526762796930535071 |
| 936 | -0.00445649563881282251 | +0.62081113233049256550 |
| 937 | +0.00444521252469072363 | +0.62525634485518333250 |
| 938 | -0.00443396050402994520 | +0.62082238435115333353 |
| 939 | +0.00442273947994617066 | +0.62524512383109953628 |
| 940 | -0.00441154935591110946 | +0.62083357447518838779 |
| 941 | +0.00440039003575090366 | +0.62523396451093926629 |
| 942 | -0.00438926142364454673 | +0.62084470308729466925 |
| 943 | +0.00437816342412231021 | +0.62522286651141700808 |
| 944 | -0.00436709594206417893 | +0.62085577056935281615 |
| 945 | +0.00435605888269829239 | +0.62521182945205111547 |
| 946 | -0.00434505215159939825 | +0.62086677730045169987 |
| 947 | +0.00433407565468731191 | +0.62520085295513905255 |
| 948 | -0.00432312929822538470 | +0.62087772365691362708 |
| 949 | +0.00431221298881898172 | +0.62518993664573263569 |
| 950 | -0.00430132663341396739 | +0.62088861001231865355 |
| 951 | +0.00429047013929519626 | +0.62517908015161383073 |
| 952 | -0.00427964341408501852 | +0.62089943673752878706 |
| 953 | +0.00426884636574178470 | +0.62516828310327055007 |
| 954 | -0.00425807890255836766 | +0.62091020420071219021 |
| 955 | +0.00424734093316068637 | +0.62515754513387289393 |
| 956 | -0.00423663236650623741 | +0.62092091276736660621 |
| 957 | +0.00422595311188264048 | +0.62514686587924928052 |
| 958 | -0.00421530307890618464 | +0.62093156280034311756 |
| 959 | +0.00420468217752038593 | +0.62513624497786346446 |
| 960 | -0.00419409031799455444 | +0.62094215465986890568 |
| 961 | +0.00418352741092236149 | +0.62512568207079122207 |
| 962 | -0.00417299336722042492 | +0.62095268870357078761 |
| 963 | +0.00416248809812689441 | +0.62511517680169770284 |
| 964 | -0.00415201151520004728 | +0.62096316528649764255 |
| 965 | +0.00414156353031689024 | +0.62510472881681455881 |
| 966 | -0.00413114405567176993 | +0.62097358476114283832 |
| 967 | +0.00412075300377499204 | +0.62509433776491785117 |
| 968 | -0.00411039028745144308 | +0.62098394747746643585 |
| 969 | +0.00410005581983922517 | +0.62508400329730562373 |
| 970 | -0.00408974951438829341 | +0.62099425378291728261 |
| 971 | +0.00407947128485910363 | +0.62507372506777636456 |
| 972 | -0.00406922104532126717 | +0.62100450402245510606 |
| 973 | +0.00405899871015220903 | +0.62506350273260735673 |
| 974 | -0.00404880419403583821 | +0.62101469853857149683 |
| 975 | +0.00403863741196122065 | +0.62505333595053269580 |
| 976 | -0.00402849827922126345 | +0.62102483767131144710 |
| 977 | +0.00401838671141140167 | +0.62504322438272286178 |
| 978 | -0.00400830262442829557 | +0.62103492175829455579 |
| 979 | +0.00399824593446853130 | +0.62503316769276306974 |
| 980 | -0.00398821655802733283 | +0.62104495113473578982 |
| 981 | +0.00397821441189727659 | +0.62502316554663306380 |
| 982 | -0.00396823941316701376 | +0.62105492613346602315 |
| 983 | +0.00395829147922000142 | +0.62501321761268602284 |
| 984 | -0.00394837052773323698 | +0.62106484708495279801 |
| 985 | +0.00393847647667600314 | +0.62500332356162879854 |
| 986 | -0.00392860924430861631 | +0.62107471431732019784 |
| 987 | +0.00391876874918118019 | +0.62499348306650137630 |
| 988 | -0.00390895491013235150 | +0.62108452815636905342 |
| 989 | +0.00389916764628810619 | +0.62498369580265711321 |
| 990 | -0.00388940687706051729 | +0.62109428892559659374 |
| 991 | +0.00387967252214653242 | +0.62497396144774308713 |
| 992 | -0.00386996450152676634 | +0.62110399694621631905 |
| 993 | +0.00386028273546429107 | +0.62496427968168055678 |
| 994 | -0.00385062714450343799 | +0.62111365253717709667 |
| 995 | +0.00384099764946860354 | +0.62495465018664575485 |
| 996 | -0.00383139417146306305 | +0.62112325601518270091 |
| 997 | +0.00382181663186778814 | +0.62494507264705045912 |
| 998 | -0.00381226495234027359 | +0.62113280769471013176 |
| 999 | +0.00380273905481336464 | +0.62493554674952345174 |
|1000 | -0.00379323886149409741 | +0.62114230788802937688 |
===========================================================
Для расчёта потребовалось 1000 шагов.
