39
-39
-39
39
1111111111111111111111111111
9999999999999999999999999999
151851850470
-151851850470
-151851850470
151851850470
151851850470
-151851850470
-151851850470
151851850470
151851850470
-151851850470
-151851850470
151851850470
151851850470
-151851850470
-151851850470
151851850470
151851850470
-151851850470
-151851850470
151851850470
151851850470
-151851850470
-151851850470
151851850470
151851850470
-151851850470
-151851850470
151851850470
151851850470
-151851850470
-151851850470
151851850470
151851850470
-151851850470
-151851850470
151851850470
151851850470
-151851850470
-151851850470
151851850470
151851850470
-151851850470
-151851850470
151851850470
151851850470
-151851850470
-151851850470
151851850470
151851850470
-151851850470
-151851850470
151851850470
151851850470
-151851850470
-151851850470
151851850470
151851850470
-151851850470
-151851850470
151851850470
151851850470
-151851850470
-151851850470
151851850470
151851850470
-151851850470
-151851850470
151851850470
151851850470
-151851850470
-151851850470
151851850470
151851850470
-151851850470
-151851850470
151851850470
151851850470
-151851850470
-151851850470
151851850470
151851850470
-151851850470
-151851850470
151851850470
151851850470
-151851850470
-151851850470
151851850470
